%FLIC_2001 Gaze cal values:
startTime = [1, 23, 683]

%FLIC_2002 Gaze cal values:
startTime = [1, 20, 933];
fullFrameSet = [...
        9914
       10301
       10669
       11156
       11476
       11846
       12215
       12616
       13081
       13443
       13749
       14211
       14649
       14988
       15358
       15825
       16191
       16579
       16974
       17287
       17683
       18225
       18492
       18908
       19383
       19787
       20067
       20489
       20814
       21209
       21677
       22112
       22528
       22840];

p5 =

  Columns 1 through 7

  -28.6484   -7.3094   51.0564   24.3158    0.5042   12.1706    0.9918

  Columns 8 through 11

    0.9927   18.8754   49.3395   40.5355
