%FLIC_2001 Gaze cal values:
startTime = [1, 23, 683]
targetDurSec = 3.267;
onset_delay_s = 0;

%FLIC_2002 Gaze cal values:
startTime = [1, 20, 933];
fullFrameSet

fullFrameSet = [...
        9812
       10228
       10592
       11437
       11813
       12247
       12605
       13065
       13506
       13776
       13912
       14435
       14791
       15168
       15644
       16033
       16470
       16937
       17289
       17686
       18038
       18609
       18974
       19308
       19779
       20225
       20692
       21039
       21510
       21857
       21995
       22395
       22809]; % 13776; 21995 had to be added manually because these targets were skipped. extra frames from the end were deleted. Target 4 had bad perimeters so we skipped it.
gazeTargets =

         0         0
   15.0000   15.0000
   15.0000  -15.0000
  -15.0000  -15.0000
         0   15.0000
         0  -15.0000
   15.0000         0
  -15.0000         0
    7.5000    7.5000
    7.5000   -7.5000
   -7.5000    7.5000
   -7.5000   -7.5000
         0   10.0000
         0   -7.5000
    7.5000         0
   -7.5000         0
         0         0
   15.0000   15.0000
   15.0000  -15.0000
  -15.0000   15.0000
  -15.0000  -15.0000
         0   15.0000
         0  -15.0000
   15.0000         0
  -15.0000         0
    7.5000    7.5000
    7.5000   -7.5000
   -7.5000    7.5000
   -7.5000   -7.5000
         0   10.0000
         0   -7.5000
    7.5000         0
   -7.5000         0

p5 =

  Columns 1 through 7

  -28.6484   -7.3094   51.0564   24.3158    0.5042   12.1706    0.9918

  Columns 8 through 11

    0.9927   18.8754   49.3395   40.5355

pMean = -20.2767
  -11.7980
   56.2349
   16.5126
   -4.3540
   14.9336
    1.0004
    1.0328
   12.9956
   49.0111
   40.2369

   p34 =

  Columns 1 through 7

  -20.2778  -11.7970   56.2308   16.5185   -4.3553   14.9316    1.0004

  Columns 8 through 11

    1.0328   12.4987   49.9999   40.0000
    
gazeOffset = [-0.8, 0.3] % [azi, ele]

